19
25
0 0 0 0 0 0 0 0 0 0 0 0 0 0 0 0 0 0 0 0 0 0 0 0 0
0 0 0 0 0 0 0 0 0 0 0 0 0 0 0 0 0 0 0 0 0 0 0 0 0
0 0 0 0 0 0 0 0 0 0 0 0 0 0 0 0 0 0 0 0 0 0 0 0 0
0 0 0 0 0 0 0 0 0 0 0 0 0 0 0 0 0 9 0 0 0 0 0 0 0
0 0 0 0 0 0 0 0 0 0 0 0 0 0 0 0 0 0 0 0 0 0 0 0 0
0 0 0 0 0 0 0 0 0 0 0 0 0 0 0 0 0 0 0 0 0 0 0 0 0
0 0 0 0 0 0 0 0 0 0 0 0 0 0 0 0 0 0 0 0 0 0 0 0 0
0 0 0 0 0 2 2 2 2 2 2 2 2 2 2 2 2 2 2 0 0 0 0 0 0
0 0 0 0 0 3 3 3 3 3 3 3 3 3 3 3 3 3 2 0 0 0 0 0 0
0 0 0 0 0 3 3 3 3 3 4 5 5 4 3 5 3 3 2 0 0 0 0 0 0
0 0 0 0 0 3 3 3 3 3 3 5 5 3 3 3 3 3 2 0 0 0 0 0 0
0 0 0 0 0 2 3 3 2 3 3 3 3 3 2 2 3 3 2 0 0 0 0 0 0
2 2 2 2 2 2 3 3 2 3 4 3 3 3 3 3 3 3 2 0 0 0 0 0 0
0 0 0 0 0 2 3 3 2 3 3 3 3 3 5 5 3 3 2 0 0 0 0 0 0
0 0 0 0 0 2 3 3 2 2 2 2 2 3 3 3 3 3 2 0 0 0 0 0 0
0 0 0 0 0 2 3 3 2 3 3 3 3 3 4 5 5 4 2 0 0 0 0 0 0
0 0 0 0 0 2 3 3 2 3 4 5 3 3 3 3 3 3 2 0 0 0 0 0 0
0 0 0 0 0 2 3 3 2 3 3 3 3 3 2 2 2 2 2 0 0 0 0 0 0
0 0 0 0 0 2 3 3 2 3 3 3 3 3 3 3 3 3 2 0 0 0 0 0 0